   A_diel =       -0.0410546299988204
   Eewald =      404.6503638265588734
       EH =      646.1148467303885354
     Eloc =    -1427.8323203511390602
      Enl =       36.0711678946258587
      Exc =      -69.6017366151446453
 Exc_core =        1.0408594841432899
       KE =      133.6965439642441993
  MuShift =       -0.1658817283267600
-------------------------------------
     Etot =     -276.0672114246484057
